0 3.341073
1 3.451963
2 3.508692
3 3.477809
4 3.541679
5 3.569882
6 3.645887
7 3.839910
8 3.878434
9 3.925982
10 3.848372
11 3.849363
12 3.821442
13 3.622200
14 3.381637
15 3.246413
16 3.079921
17 3.023040
18 2.950608
19 3.052388
20 3.047891
21 2.826964
22 2.880620
23 2.806459
24 2.936587
25 3.066827
26 3.075381
27 3.117076
28 3.070100
29 2.895620
30 2.895620
31 2.911021
32 2.911021
33 2.899367
34 2.914985
35 2.916480
36 2.916480
37 2.874220
38 2.937261
39 3.075475
40 3.075475
41 3.012954
42 2.934857
43 2.856827
44 2.796845
45 2.726107
46 2.803306
47 2.942059
48 2.894030
49 2.793111
50 2.702610
51 2.490037
52 2.286331
53 2.269610
54 2.080437
55 1.958170
56 1.782506
57 1.629178
58 1.583255
59 1.048467
60 1.143695
61 1.431617
62 2.010834
63 2.366440
64 2.453370
65 2.667087
66 2.801143
67 2.801143
68 2.801143
69 2.801143
70 2.754317
71 2.968573
72 3.057367
73 3.235813
74 3.235813
75 3.235813
76 3.216633
77 3.216633
78 3.121143
79 3.288796
80 3.288796
81 3.336037
82 3.492822
83 3.609955
84 3.804072
85 3.804072
86 3.690145
87 3.690145
88 3.663610
89 3.663610
90 3.663610
91 3.843849
92 3.973415
93 4.163226
94 4.163226
95 4.290658
96 4.322810
97 4.322810
98 4.330005
99 4.492208
100 4.769409
101 4.856314
102 4.929035
103 4.929035
104 4.929035
105 4.694480
106 4.694480
107 4.694480
108 4.319181
109 3.948761
110 3.930521
111 3.930521
112 3.842277
113 3.816680
114 3.773526
115 3.773526
116 3.859024
117 3.859024
118 3.859024
119 3.986251
120 3.986251
121 3.986251
122 3.970334
123 3.970334
124 3.970334
125 3.916633
126 3.916633
127 3.916633
128 3.878684
129 3.891717
130 3.891717
131 3.891717
132 3.875390
133 3.793264
134 3.793264
135 3.437656
136 3.174948
137 3.038823
138 2.674755
139 2.539356
140 2.364992
141 2.270419
142 2.139729
143 2.060190
144 2.060190
145 1.972687
146 1.972687
147 1.955287
148 1.778990
149 1.571438
150 1.571438
151 1.496207
152 1.431797
153 1.365343
154 1.204937
155 1.450771
156 1.566378
157 1.580856
158 1.666022
159 1.666022
160 1.666022
161 1.599650
162 1.599650
163 1.755178
164 1.755178
165 1.557115
166 1.587956
167 1.596506
168 1.596506
169 1.269960
170 1.255261
171 0.645787
172 0.670532
173 0.774980
174 0.739159
175 0.822304
176 0.782553
177 0.916587
178 1.095121
179 1.156295
180 1.176423
181 0.814846
182 0.639114
183 0.287823
184 0.143328
185 0.119704
186 -0.133112
187 -0.065846
188 0.020631
189 0.072094
190 -0.015592
191 -0.026671
192 0.004514
193 0.049044
194 -0.007952
195 0.142716
196 0.135558
197 0.208430
198 0.271728
199 0.471444
200 0.579440
201 0.586507
202 0.535309
203 0.378454
204 0.504103
205 0.513921
206 0.298110
207 0.605012
208 0.508210
209 0.416801
210 0.345458
211 0.484211
212 0.602765
213 0.618436
214 0.830100
215 0.901393
216 0.901393
217 1.146620
218 1.155007
219 1.368964
220 1.474900
221 1.960762
222 1.960762
223 2.416470
224 2.772389
225 2.772389
226 2.967435
227 3.115711
228 3.258604
229 3.258604
230 3.261020
231 3.416458
232 3.416458
233 3.416458
234 3.416458
235 3.561120
236 3.561120
237 3.561120
238 3.561120
239 3.648709
240 3.648709
241 3.744556
242 3.824748
243 3.824748
244 3.824748
245 3.824748
246 3.881699
247 3.881699
248 3.905575
249 3.905575
250 3.905575
251 3.978734
252 3.978734
253 3.978734
254 3.978734
255 3.895242
256 3.745288
257 3.745288
258 3.745712
259 3.895569
260 3.961953
261 3.961953
262 4.044333
263 4.123934
264 4.339819
265 4.416637
266 4.416637
267 4.416637
268 4.727435
269 4.727435
270 4.727435
271 4.727435
272 4.701795
273 4.701795
274 4.701795
275 4.701795
276 4.629450
277 4.629450
278 4.567301
279 4.474849
280 4.410607
281 4.410607
282 4.410607
283 4.335312
284 4.335312
285 4.027894
286 3.848173
287 3.848173
288 3.675966
289 3.491615
290 3.479781
291 3.384783
292 3.143648
293 3.038058
294 2.805442
295 2.785228
296 2.640742
297 2.481372
298 2.463662
299 2.488380
300 2.494511
301 2.684108
302 2.905466
303 2.968816
304 2.955243
305 2.911279
306 2.927510
307 3.010711
308 3.120004
309 3.040172
310 2.891220
311 2.786064
312 2.800234
313 2.919909
314 2.937362
315 3.063227
316 3.040328
317 2.844002
318 2.657406
319 2.712739
320 2.744745
321 2.915599
322 2.900173
323 2.785013
324 2.732546
325 2.927453
326 3.033802
327 2.887997
328 2.818878
329 2.780560
330 2.694208
331 2.749075
332 2.822368
333 2.818078
334 2.790786
335 2.586990
336 2.651423
337 2.720741
338 2.521110
339 2.283906
340 2.188225
341 1.994184
342 2.329576
343 2.195585
344 2.684511
345 2.575538
346 2.670220
347 2.970536
348 3.133272
349 3.426348
350 3.462836
351 3.613003
352 3.559221
353 3.637898
354 3.427225
355 3.903955
356 3.970832
357 3.749886
358 3.518927
359 2.992919