0.0625 3.341073
0.1875 2.992919
0.3125 2.992919
0.4375 3.386798
0.5625 3.087070
0.6875 3.087070
0.8125 3.087070
0.9375 3.451963
1.0625 3.087070
1.1875 3.170725
1.3125 3.471080
1.4375 3.170725
1.5625 3.170725
1.6875 3.170725
1.8125 3.516170
1.9375 3.292318
2.0625 3.292318
2.1875 3.508692
2.3125 3.292318
2.4375 3.292318
2.5625 3.394070
2.6875 3.494477
2.8125 3.394070
2.9375 3.394070
3.0625 3.491529
3.1875 3.449387
3.3125 3.477809
3.4375 3.477809
3.5625 3.477809
3.6875 3.477809
3.8125 3.477809
3.9375 3.541679
4.0625 3.541679
4.1875 3.541679
4.3125 3.541679
4.4375 3.541679
4.5625 3.569882
4.6875 3.569882
4.8125 3.569882
4.9375 3.569882
5.0625 3.569882
5.1875 3.569882
5.3125 3.569882
5.4375 3.565843
5.5625 3.565843
5.6875 3.565843
5.8125 3.645887
5.9375 3.645887
6.0625 3.645887
6.1875 3.645887
6.3125 3.660323
6.4375 3.761744
6.5625 3.761744
6.6875 3.761744
6.8125 3.761744
6.9375 3.761744
7.0625 3.839910
7.1875 3.839910
7.3125 3.839910
7.4375 3.839910
7.5625 3.839910
7.6875 3.862082
7.8125 3.862082
7.9375 3.878434
8.0625 3.878434
8.1875 3.878434
8.3125 3.878434
8.4375 3.878434
8.5625 3.925982
8.6875 3.925982
8.8125 3.925982
8.9375 3.925982
9.0625 3.925982
9.1875 3.925982
9.3125 3.925982
9.4375 3.874900
9.5625 3.874900
9.6875 3.874900
9.8125 3.874900
9.9375 3.848372
10.0625 3.848372
10.1875 3.848372
10.3125 3.848372
10.4375 3.831124
10.5625 3.831124
10.6875 3.831124
10.8125 3.831124
10.9375 3.849363
11.0625 3.849363
11.1875 3.849363
11.3125 3.849363
11.4375 3.849363
11.5625 3.849363
11.6875 3.849363
11.8125 3.824805
11.9375 3.824805
12.0625 3.824805
12.1875 3.824805
12.3125 3.821442
12.4375 3.731503
12.5625 3.681564
12.6875 3.710210
12.8125 3.741772
12.9375 3.620680
13.0625 3.514585
13.1875 3.600161
13.3125 3.622200
13.4375 3.532371
13.5625 3.411135
13.6875 3.498123
13.8125 3.510775
13.9375 3.523705
14.0625 3.381637
14.1875 3.381637
14.3125 3.399530
14.4375 3.381637
14.5625 3.475334
14.6875 3.357326
14.8125 3.290926
14.9375 3.246413
15.0625 3.314433
15.1875 3.259619
15.3125 3.245288
15.4375 3.192526
15.5625 3.161997
15.6875 3.207221
15.8125 3.153872
15.9375 3.177102
16.0625 3.079921
16.1875 3.138778
16.3125 3.079921
16.4375 3.138506
16.5625 3.045000
16.6875 3.085562
16.8125 2.981474
16.9375 3.076913
17.0625 2.998293
17.1875 3.047479
17.3125 3.023040
17.4375 2.907193
17.5625 2.936153
17.6875 2.994324
17.8125 2.961613
17.9375 2.866971
18.0625 2.941235
18.1875 2.889129
18.3125 2.930679
18.4375 2.892552
18.5625 2.966053
18.6875 2.899636
18.8125 2.950608
18.9375 2.938891
19.0625 2.961822
19.1875 3.007476
19.3125 3.031596
19.4375 3.021327
19.5625 3.049784
19.6875 3.042343
19.8125 3.038034
19.9375 3.052388
20.0625 3.047891
20.1875 3.044061
20.3125 2.996414
20.4375 3.025197
20.5625 2.978771
20.6875 2.938292
20.8125 2.935185
20.9375 2.888125
21.0625 2.860649
21.1875 2.826964
21.3125 2.838679
21.4375 2.808445
21.5625 2.799138
21.6875 2.784264
21.8125 2.797633
21.9375 2.836045
22.0625 2.851121
22.1875 2.880620
22.3125 2.877455
22.4375 2.837972
22.5625 2.842293
22.6875 2.864361
22.8125 2.839297
22.9375 2.840751
23.0625 2.841606
23.1875 2.884261
23.3125 2.862444
23.4375 2.816387
23.5625 2.799567
23.6875 2.786967
23.8125 2.723166
23.9375 2.806459
24.0625 2.936587
24.1875 2.936587
24.3125 2.936587
24.4375 2.936587
24.5625 2.936587
24.6875 2.936587
24.8125 2.936587
24.9375 2.936587
25.0625 2.936587
25.1875 3.066827
25.3125 3.066827
25.4375 3.066827
25.5625 3.066827
25.6875 3.066827
25.8125 3.075381
25.9375 3.075381
26.0625 3.075381
26.1875 3.075381
26.3125 3.075381
26.4375 3.075381
26.5625 3.075381
26.6875 3.075381
26.8125 3.117076
26.9375 3.117076
27.0625 3.117076
27.1875 3.117076
27.3125 3.117076
27.4375 3.117076
27.5625 3.117076
27.6875 3.117076
27.8125 3.117076
27.9375 3.117076
28.0625 3.117076
28.1875 3.117076
28.3125 3.117076
28.4375 3.117076
28.5625 3.117076
28.6875 3.117076
28.8125 3.070100
28.9375 3.070100
29.0625 3.070100
29.1875 3.070100
29.3125 3.070100
29.4375 3.070100
29.5625 3.070100
29.6875 3.070100
29.8125 2.950804
29.9375 2.895620
30.0625 2.895620
30.1875 2.895620
30.3125 2.895620
30.4375 2.862856
30.5625 2.878531
30.6875 2.878531
30.8125 2.878531
30.9375 2.878531
31.0625 2.878531
31.1875 2.878531
31.3125 2.878531
31.4375 2.911021
31.5625 2.911021
31.6875 2.911021
31.8125 2.911021
31.9375 2.911021
32.0625 2.911021
32.1875 2.911021
32.3125 2.911021
32.4375 2.911021
32.5625 2.911021
32.6875 2.911021
32.8125 2.911021
32.9375 2.911021
33.0625 2.899367
33.1875 2.899367
33.3125 2.899367
33.4375 2.899367
33.5625 2.899367
33.6875 2.914985
33.8125 2.914985
33.9375 2.914985
34.0625 2.914985
34.1875 2.914985
34.3125 2.914985
34.4375 2.914985
34.5625 2.914985
34.6875 2.914985
34.8125 2.914985
34.9375 2.914985
35.0625 2.914985
35.1875 2.914985
35.3125 2.916480
35.4375 2.916480
35.5625 2.916480
35.6875 2.916480
35.8125 2.916480
35.9375 2.916480
36.0625 2.916480
36.1875 2.916480
36.3125 2.916480
36.4375 2.916480
36.5625 2.916480
36.6875 2.916480
36.8125 2.916480
36.9375 2.874220
37.0625 2.874220
37.1875 2.874220
37.3125 2.874220
37.4375 2.874220
37.5625 2.874220
37.6875 2.855750
37.8125 2.855750
37.9375 2.855750
38.0625 2.855750
38.1875 2.855750
38.3125 2.937261
38.4375 2.937261
38.5625 2.937261
38.6875 2.937261
38.8125 2.937261
38.9375 2.937261
39.0625 2.937261
39.1875 2.976968
39.3125 2.976968
39.4375 2.976968
39.5625 2.976968
39.6875 2.976968
39.8125 2.976968
39.9375 3.075475
40.0625 3.075475
40.1875 3.075475
40.3125 3.075475
40.4375 3.075475
40.5625 3.075475
40.6875 3.075475
40.8125 3.075475
40.9375 3.075475
41.0625 3.075475
41.1875 3.075475
41.3125 3.075475
41.4375 3.075475
41.5625 3.075475
41.6875 3.012954
41.8125 3.012954
41.9375 3.012954
42.0625 3.012954
42.1875 3.012954
42.3125 3.012954
42.4375 3.012954
42.5625 2.934857
42.6875 2.934857
42.8125 2.934857
42.9375 2.934857
43.0625 2.934857
43.1875 2.934857
43.3125 2.856827
43.4375 2.856827
43.5625 2.796845
43.6875 2.796845
43.8125 2.796845
43.9375 2.796845
44.0625 2.796845
44.1875 2.796845
44.3125 2.796845
44.4375 2.796845
44.5625 2.796845
44.6875 2.694123
44.8125 2.694123
44.9375 2.694123
45.0625 2.694123
45.1875 2.694123
45.3125 2.591398
45.4375 2.591398
45.5625 2.726107
45.6875 2.726107
45.8125 2.726107
45.9375 2.726107
46.0625 2.726107
46.1875 2.803306
46.3125 2.803306
46.4375 2.803306
46.5625 2.803306
46.6875 2.803306
46.8125 2.803306
46.9375 2.803306
47.0625 2.803306
47.1875 2.942059
47.3125 2.942059
47.4375 2.942059
47.5625 2.942059
47.6875 2.942059
47.8125 2.942059
47.9375 2.942059
48.0625 2.942059
48.1875 2.942059
48.3125 2.942059
48.4375 2.942059
48.5625 2.942059
48.6875 2.942059
48.8125 2.894030
48.9375 2.894030
49.0625 2.894030
49.1875 2.894030
49.3125 2.894030
49.4375 2.793111
49.5625 2.793111
49.6875 2.793111
49.8125 2.793111
49.9375 2.702610
50.0625 2.702610
50.1875 2.702610
50.3125 2.680939
50.4375 2.680939
50.5625 2.621174
50.6875 2.621174
50.8125 2.535016
50.9375 2.535016
51.0625 2.535016
51.1875 2.490037
51.3125 2.490037
51.4375 2.446947
51.5625 2.446947
51.6875 2.446947
51.8125 2.446947
51.9375 2.446947
52.0625 2.307785
52.1875 2.307785
52.3125 2.286331
52.4375 2.286331
52.5625 2.269610
52.6875 2.269610
52.8125 2.269610
52.9375 2.269610
53.0625 2.269610
53.1875 2.269610
53.3125 2.269610
53.4375 2.269610
53.5625 2.269610
53.6875 2.269610
53.8125 2.269610
53.9375 2.269610
54.0625 2.167742
54.1875 2.167742
54.3125 2.167742
54.4375 2.167742
54.5625 2.080437
54.6875 2.080437
54.8125 2.080437
54.9375 2.080437
55.0625 1.958170
55.1875 1.958170
55.3125 1.958170
55.4375 1.958170
55.5625 1.816548
55.6875 1.816548
55.8125 1.816548
55.9375 1.816548
56.0625 1.782506
56.1875 1.782506
56.3125 1.782506
56.4375 1.675545
56.5625 1.675545
56.6875 1.675545
56.8125 1.675545
56.9375 1.629178
57.0625 1.629178
57.1875 1.629178
57.3125 1.583255
57.4375 1.583255
57.5625 1.583255
57.6875 1.583255
57.8125 1.583255
57.9375 1.583255
58.0625 1.583255
58.1875 1.583255
58.3125 1.583255
58.4375 1.583255
58.5625 1.583255
58.6875 1.583255
58.8125 1.583255
58.9375 1.583255
59.0625 1.583255
59.1875 1.583255
59.3125 1.047617
59.4375 1.048467
59.5625 1.048467
59.6875 1.048467
59.8125 1.048467
59.9375 1.048467
60.0625 1.143695
60.1875 1.143695
60.3125 1.143695
60.4375 1.143695
60.5625 1.143695
60.6875 1.431617
60.8125 1.431617
60.9375 1.431617
61.0625 1.431617
61.1875 1.431617
61.3125 1.431617
61.4375 1.431617
61.5625 1.431617
61.6875 1.652470
61.8125 1.652470
61.9375 1.652470
62.0625 1.652470
62.1875 1.652470
62.3125 1.652470
62.4375 2.010834
62.5625 2.010834
62.6875 2.010834
62.8125 2.010834
62.9375 2.010834
63.0625 2.010834
63.1875 2.010834
63.3125 2.010834
63.4375 2.010834
63.5625 2.366440
63.6875 2.366440
63.8125 2.366440
63.9375 2.366440
64.0625 2.366440
64.1875 2.366440
64.3125 2.366440
64.4375 2.366440
64.5625 2.453370
64.6875 2.453370
64.8125 2.453370
64.9375 2.453370
65.0625 2.453370
65.1875 2.453370
65.3125 2.453370
65.4375 2.453370
65.5625 2.667087
65.6875 2.667087
65.8125 2.667087
65.9375 2.667087
66.0625 2.667087
66.1875 2.667087
66.3125 2.667087
66.4375 2.801143
66.5625 2.801143
66.6875 2.801143
66.8125 2.801143
66.9375 2.801143
67.0625 2.801143
67.1875 2.801143
67.3125 2.801143
67.4375 2.801143
67.5625 2.801143
67.6875 2.801143
67.8125 2.801143
67.9375 2.801143
68.0625 2.801143
68.1875 2.801143
68.3125 2.801143
68.4375 2.801143
68.5625 2.801143
68.6875 2.801143
68.8125 2.801143
68.9375 2.801143
69.0625 2.801143
69.1875 2.801143
69.3125 2.801143
69.4375 2.801143
69.5625 2.801143
69.6875 2.801143
69.8125 2.801143
69.9375 2.801143
70.0625 2.754317
70.1875 2.754317
70.3125 2.754317
70.4375 2.754317
70.5625 2.754317
70.6875 2.968573
70.8125 2.968573
70.9375 2.968573
71.0625 2.968573
71.1875 2.968573
71.3125 2.968573
71.4375 2.968573
71.5625 2.968573
71.6875 2.968573
71.8125 2.968573
71.9375 2.968573
72.0625 2.968573
72.1875 2.968573
72.3125 2.968573
72.4375 2.968573
72.5625 3.057367
72.6875 3.057367
72.8125 3.057367
72.9375 3.057367
73.0625 3.235813
73.1875 3.235813
73.3125 3.235813
73.4375 3.235813
73.5625 3.235813
73.6875 3.235813
73.8125 3.235813
73.9375 3.235813
74.0625 3.235813
74.1875 3.235813
74.3125 3.235813
74.4375 3.235813
74.5625 3.235813
74.6875 3.235813
74.8125 3.235813
74.9375 3.235813
75.0625 3.235813
75.1875 3.235813
75.3125 3.235813
75.4375 3.235813
75.5625 3.235813
75.6875 3.235813
75.8125 3.235813
75.9375 3.235813
76.0625 3.216633
76.1875 3.216633
76.3125 3.216633
76.4375 3.216633
76.5625 3.216633
76.6875 3.216633
76.8125 3.216633
76.9375 3.216633
77.0625 3.216633
77.1875 3.216633
77.3125 3.216633
77.4375 3.216633
77.5625 3.216633
77.6875 3.216633
77.8125 3.216633
77.9375 3.216633
78.0625 3.216633
78.1875 3.216633
78.3125 3.121143
78.4375 3.121143
78.5625 3.121143
78.6875 3.288796
78.8125 3.288796
78.9375 3.288796
79.0625 3.288796
79.1875 3.288796
79.3125 3.288796
79.4375 3.288796
79.5625 3.288796
79.6875 3.288796
79.8125 3.288796
79.9375 3.288796
80.0625 3.288796
80.1875 3.288796
80.3125 3.288796
80.4375 3.288796
80.5625 3.288796
80.6875 3.288796
80.8125 3.288796
80.9375 3.288796
81.0625 3.336037
81.1875 3.336037
81.3125 3.336037
81.4375 3.492822
81.5625 3.492822
81.6875 3.492822
81.8125 3.492822
81.9375 3.492822
82.0625 3.492822
82.1875 3.492822
82.3125 3.492822
82.4375 3.492822
82.5625 3.492822
82.6875 3.492822
82.8125 3.492822
82.9375 3.492822
83.0625 3.492822
83.1875 3.492822
83.3125 3.492822
83.4375 3.492822
83.5625 3.492822
83.6875 3.609955
83.8125 3.609955
83.9375 3.804072
84.0625 3.804072
84.1875 3.804072
84.3125 3.804072
84.4375 3.804072
84.5625 3.804072
84.6875 3.804072
84.8125 3.804072
84.9375 3.804072
85.0625 3.804072
85.1875 3.804072
85.3125 3.804072
85.4375 3.804072
85.5625 3.804072
85.6875 3.804072
85.8125 3.804072
85.9375 3.804072
86.0625 3.804072
86.1875 3.804072
86.3125 3.804072
86.4375 3.690145
86.5625 3.690145
86.6875 3.690145
86.8125 3.690145
86.9375 3.690145
87.0625 3.690145
87.1875 3.690145
87.3125 3.690145
87.4375 3.690145
87.5625 3.690145
87.6875 3.690145
87.8125 3.690145
87.9375 3.690145
88.0625 3.690145
88.1875 3.690145
88.3125 3.690145
88.4375 3.690145
88.5625 3.663610
88.6875 3.663610
88.8125 3.663610
88.9375 3.663610
89.0625 3.663610
89.1875 3.663610
89.3125 3.663610
89.4375 3.663610
89.5625 3.663610
89.6875 3.663610
89.8125 3.663610
89.9375 3.663610
90.0625 3.663610
90.1875 3.663610
90.3125 3.663610
90.4375 3.663610
90.5625 3.663610
90.6875 3.663610
90.8125 3.843849
90.9375 3.843849
91.0625 3.843849
91.1875 3.843849
91.3125 3.843849
91.4375 3.843849
91.5625 3.843849
91.6875 3.843849
91.8125 3.843849
91.9375 3.843849
92.0625 3.843849
92.1875 3.843849
92.3125 3.843849
92.4375 3.843849
92.5625 3.843849
92.6875 3.843849
92.8125 3.973415
92.9375 4.163226
93.0625 4.163226
93.1875 4.163226
93.3125 4.163226
93.4375 4.163226
93.5625 4.163226
93.6875 4.163226
93.8125 4.163226
93.9375 4.163226
94.0625 4.163226
94.1875 4.163226
94.3125 4.163226
94.4375 4.163226
94.5625 4.163226
94.6875 4.163226
94.8125 4.163226
94.9375 4.290658
95.0625 4.290658
95.1875 4.290658
95.3125 4.290658
95.4375 4.290658
95.5625 4.290658
95.6875 4.290658
95.8125 4.290658
95.9375 4.290658
96.0625 4.290658
96.1875 4.290658
96.3125 4.290658
96.4375 4.290658
96.5625 4.322810
96.6875 4.322810
96.8125 4.322810
96.9375 4.322810
97.0625 4.322810
97.1875 4.322810
97.3125 4.322810
97.4375 4.322810
97.5625 4.322810
97.6875 4.322810
97.8125 4.322810
97.9375 4.322810
98.0625 4.330005
98.1875 4.330005
98.3125 4.330005
98.4375 4.330005
98.5625 4.330005
98.6875 4.330005
98.8125 4.330005
98.9375 4.492208
99.0625 4.492208
99.1875 4.670279
99.3125 4.670279
99.4375 4.670279
99.5625 4.670279
99.6875 4.769409
99.8125 4.769409
99.9375 4.769409
100.0625 4.769409
100.1875 4.769409
100.3125 4.769409
100.4375 4.769409
100.5625 4.769409
100.6875 4.769409
100.8125 4.769409
100.9375 4.769409
101.0625 4.769409
101.1875 4.769409
101.3125 4.769409
101.4375 4.769409
101.5625 4.769409
101.6875 4.769409
101.8125 4.856314
101.9375 4.856314
102.0625 4.856314
102.1875 4.929035
102.3125 4.929035
102.4375 4.929035
102.5625 4.929035
102.6875 4.929035
102.8125 4.929035
102.9375 4.929035
103.0625 4.929035
103.1875 4.929035
103.3125 4.929035
103.4375 4.929035
103.5625 4.929035
103.6875 4.929035
103.8125 4.929035
103.9375 4.929035
104.0625 4.929035
104.1875 4.929035
104.3125 4.929035
104.4375 4.929035
104.5625 4.929035
104.6875 4.929035
104.8125 4.929035
104.9375 4.929035
105.0625 4.929035
105.1875 4.929035
105.3125 4.929035
105.4375 4.929035
105.5625 4.694480
105.6875 4.694480
105.8125 4.694480
105.9375 4.694480
106.0625 4.694480
106.1875 4.694480
106.3125 4.694480
106.4375 4.694480
106.5625 4.694480
106.6875 4.694480
106.8125 4.694480
106.9375 4.694480
107.0625 4.694480
107.1875 4.694480
107.3125 4.694480
107.4375 4.694480
107.5625 4.694480
107.6875 4.694480
107.8125 4.694480
107.9375 4.694480
108.0625 4.694480
108.1875 4.694480
108.3125 4.694480
108.4375 4.694480
108.5625 4.694480
108.6875 4.694480
108.8125 4.319181
108.9375 4.319181
109.0625 4.319181
109.1875 4.319181
109.3125 4.319181
109.4375 4.319181
109.5625 3.948761
109.6875 3.948761
109.8125 3.948761
109.9375 3.948761
110.0625 3.948761
110.1875 3.948761
110.3125 3.930521
110.4375 3.930521
110.5625 3.930521
110.6875 3.930521
110.8125 3.930521
110.9375 3.930521
111.0625 3.930521
111.1875 3.930521
111.3125 3.930521
111.4375 3.930521
111.5625 3.930521
111.6875 3.930521
111.8125 3.930521
111.9375 3.842277
112.0625 3.842277
112.1875 3.842277
112.3125 3.816680
112.4375 3.816680
112.5625 3.816680
112.6875 3.816680
112.8125 3.816680
112.9375 3.816680
113.0625 3.816680
113.1875 3.816680
113.3125 3.816680
113.4375 3.816680
113.5625 3.816680
113.6875 3.816680
113.8125 3.816680
113.9375 3.645201
114.0625 3.773526
114.1875 3.773526
114.3125 3.773526
114.4375 3.773526
114.5625 3.773526
114.6875 3.773526
114.8125 3.773526
114.9375 3.773526
115.0625 3.773526
115.1875 3.773526
115.3125 3.773526
115.4375 3.773526
115.5625 3.773526
115.6875 3.773526
115.8125 3.773526
115.9375 3.773526
116.0625 3.773526
116.1875 3.773526
116.3125 3.859024
116.4375 3.859024
116.5625 3.859024
116.6875 3.859024
116.8125 3.859024
116.9375 3.859024
117.0625 3.859024
117.1875 3.859024
117.3125 3.859024
117.4375 3.859024
117.5625 3.859024
117.6875 3.859024
117.8125 3.859024
117.9375 3.859024
118.0625 3.859024
118.1875 3.859024
118.3125 3.859024
118.4375 3.859024
118.5625 3.859024
118.6875 3.859024
118.8125 3.859024
118.9375 3.859024
119.0625 3.859024
119.1875 3.859024
119.3125 3.859024
119.4375 3.986251
119.5625 3.986251
119.6875 3.986251
119.8125 3.986251
119.9375 3.986251
120.0625 3.986251
120.1875 3.986251
120.3125 3.986251
120.4375 3.986251
120.5625 3.986251
120.6875 3.986251
120.8125 3.986251
120.9375 3.986251
121.0625 3.986251
121.1875 3.986251
121.3125 3.986251
121.4375 3.986251
121.5625 3.986251
121.6875 3.986251
121.8125 3.986251
121.9375 3.986251
122.0625 3.986251
122.1875 3.986251
122.3125 3.986251
122.4375 3.970334
122.5625 3.970334
122.6875 3.970334
122.8125 3.970334
122.9375 3.970334
123.0625 3.970334
123.1875 3.970334
123.3125 3.970334
123.4375 3.970334
123.5625 3.970334
123.6875 3.970334
123.8125 3.970334
123.9375 3.970334
124.0625 3.970334
124.1875 3.970334
124.3125 3.970334
124.4375 3.970334
124.5625 3.970334
124.6875 3.970334
124.8125 3.970334
124.9375 3.970334
125.0625 3.970334
125.1875 3.970334
125.3125 3.970334
125.4375 3.970334
125.5625 3.916633
125.6875 3.916633
125.8125 3.916633
125.9375 3.916633
126.0625 3.916633
126.1875 3.916633
126.3125 3.916633
126.4375 3.916633
126.5625 3.916633
126.6875 3.916633
126.8125 3.916633
126.9375 3.916633
127.0625 3.916633
127.1875 3.916633
127.3125 3.916633
127.4375 3.916633
127.5625 3.916633
127.6875 3.916633
127.8125 3.916633
127.9375 3.916633
128.0625 3.916633
128.1875 3.916633
128.3125 3.916633
128.4375 3.916633
128.5625 3.878684
128.6875 3.878684
128.8125 3.878684
128.9375 3.878684
129.0625 3.878684
129.1875 3.891717
129.3125 3.891717
129.4375 3.891717
129.5625 3.891717
129.6875 3.891717
129.8125 3.891717
129.9375 3.891717
130.0625 3.891717
130.1875 3.891717
130.3125 3.891717
130.4375 3.891717
130.5625 3.891717
130.6875 3.891717
130.8125 3.891717
130.9375 3.891717
131.0625 3.891717
131.1875 3.891717
131.3125 3.891717
131.4375 3.891717
131.5625 3.891717
131.6875 3.891717
131.8125 3.891717
131.9375 3.891717
132.0625 3.891717
132.1875 3.875390
132.3125 3.875390
132.4375 3.875390
132.5625 3.875390
132.6875 3.875390
132.8125 3.875390
132.9375 3.875390
133.0625 3.875390
133.1875 3.875390
133.3125 3.793264
133.4375 3.793264
133.5625 3.793264
133.6875 3.793264
133.8125 3.793264
133.9375 3.793264
134.0625 3.793264
134.1875 3.793264
134.3125 3.793264
134.4375 3.793264
134.5625 3.793264
134.6875 3.793264
134.8125 3.793264
134.9375 3.793264
135.0625 3.437656
135.1875 3.437656
135.3125 3.437656
135.4375 3.437656
135.5625 3.437656
135.6875 3.437656
135.8125 3.437656
135.9375 3.437656
136.0625 3.437656
136.1875 3.174948
136.3125 3.174948
136.4375 3.174948
136.5625 3.174948
136.6875 3.038823
136.8125 3.038823
136.9375 3.038823
137.0625 3.038823
137.1875 3.038823
137.3125 3.038823
137.4375 2.989206
137.5625 2.989206
137.6875 2.989206
137.8125 2.674755
137.9375 2.674755
138.0625 2.674755
138.1875 2.674755
138.3125 2.674755
138.4375 2.674755
138.5625 2.674755
138.6875 2.674755
138.8125 2.616467
138.9375 2.616467
139.0625 2.539356
139.1875 2.539356
139.3125 2.364992
139.4375 2.364992
139.5625 2.364992
139.6875 2.364992
139.8125 2.364992
139.9375 2.364992
140.0625 2.364992
140.1875 2.364992
140.3125 2.364992
140.4375 2.364992
140.5625 2.270419
140.6875 2.270419
140.8125 2.270419
140.9375 2.270419
141.0625 2.270419
141.1875 2.270419
141.3125 2.270419
141.4375 2.270419
141.5625 2.270419
141.6875 2.270419
141.8125 2.270419
141.9375 2.139729
142.0625 2.139729
142.1875 2.139729
142.3125 2.139729
142.4375 2.139729
142.5625 2.139729
142.6875 2.139729
142.8125 2.139729
142.9375 2.139729
143.0625 2.139729
143.1875 2.060190
143.3125 2.060190
143.4375 2.060190
143.5625 2.060190
143.6875 2.060190
143.8125 2.060190
143.9375 2.060190
144.0625 2.060190
144.1875 2.060190
144.3125 2.060190
144.4375 2.060190
144.5625 2.060190
144.6875 2.060190
144.8125 2.060190
144.9375 2.060190
145.0625 2.060190
145.1875 2.060190
145.3125 2.060190
145.4375 2.060190
145.5625 2.060190
145.6875 2.060190
145.8125 1.972687
145.9375 1.972687
146.0625 1.972687
146.1875 1.972687
146.3125 1.972687
146.4375 1.972687
146.5625 1.972687
146.6875 1.972687
146.8125 1.972687
146.9375 1.972687
147.0625 1.955287
147.1875 1.955287
147.3125 1.955287
147.4375 1.955287
147.5625 1.955287
147.6875 1.955287
147.8125 1.955287
147.9375 1.955287
148.0625 1.955287
148.1875 1.955287
148.3125 1.778990
148.4375 1.778990
148.5625 1.778990
148.6875 1.778990
148.8125 1.778990
148.9375 1.778990
149.0625 1.778990
149.1875 1.778990
149.3125 1.778990
149.4375 1.720296
149.5625 1.571438
149.6875 1.571438
149.8125 1.571438
149.9375 1.571438
150.0625 1.571438
150.1875 1.571438
150.3125 1.571438
150.4375 1.571438
150.5625 1.571438
150.6875 1.526102
150.8125 1.526102
150.9375 1.496207
151.0625 1.496207
151.1875 1.496207
151.3125 1.496207
151.4375 1.496207
151.5625 1.496207
151.6875 1.496207
151.8125 1.496207
151.9375 1.496207
152.0625 1.431797
152.1875 1.431797
152.3125 1.431797
152.4375 1.431797
152.5625 1.431797
152.6875 1.431797
152.8125 1.431797
152.9375 1.431797
153.0625 1.431797
153.1875 1.365343
153.3125 1.365343
153.4375 1.365343
153.5625 1.365343
153.6875 1.365343
153.8125 1.365343
153.9375 1.365343
154.0625 1.365343
154.1875 1.365343
154.3125 1.365343
154.4375 1.204937
154.5625 1.204937
154.6875 1.431320
154.8125 1.431320
154.9375 1.431320
155.0625 1.431320
155.1875 1.431320
155.3125 1.431320
155.4375 1.431320
155.5625 1.450771
155.6875 1.450771
155.8125 1.450771
155.9375 1.450771
156.0625 1.566378
156.1875 1.566378
156.3125 1.566378
156.4375 1.566378
156.5625 1.566378
156.6875 1.566378
156.8125 1.566378
156.9375 1.580856
157.0625 1.580856
157.1875 1.580856
157.3125 1.580856
157.4375 1.580856
157.5625 1.580856
157.6875 1.580856
157.8125 1.580856
157.9375 1.580856
158.0625 1.580856
158.1875 1.580856
158.3125 1.580856
158.4375 1.666022
158.5625 1.666022
158.6875 1.666022
158.8125 1.666022
158.9375 1.666022
159.0625 1.666022
159.1875 1.666022
159.3125 1.666022
159.4375 1.666022
159.5625 1.666022
159.6875 1.666022
159.8125 1.666022
159.9375 1.666022
160.0625 1.666022
160.1875 1.666022
160.3125 1.666022
160.4375 1.666022
160.5625 1.666022
160.6875 1.599650
160.8125 1.599650
160.9375 1.599650
161.0625 1.599650
161.1875 1.599650
161.3125 1.599650
161.4375 1.599650
161.5625 1.599650
161.6875 1.599650
161.8125 1.599650
161.9375 1.599650
162.0625 1.599650
162.1875 1.599650
162.3125 1.599650
162.4375 1.599650
162.5625 1.599650
162.6875 1.755178
162.8125 1.755178
162.9375 1.755178
163.0625 1.755178
163.1875 1.755178
163.3125 1.755178
163.4375 1.755178
163.5625 1.755178
163.6875 1.755178
163.8125 1.755178
163.9375 1.755178
164.0625 1.755178
164.1875 1.755178
164.3125 1.755178
164.4375 1.755178
164.5625 1.755178
164.6875 1.755178
164.8125 1.557115
164.9375 1.557115
165.0625 1.557115
165.1875 1.557115
165.3125 1.557115
165.4375 1.557115
165.5625 1.557115
165.6875 1.557115
165.8125 1.557115
165.9375 1.557115
166.0625 1.587956
166.1875 1.587956
166.3125 1.587956
166.4375 1.587956
166.5625 1.587956
166.6875 1.587956
166.8125 1.587956
166.9375 1.587956
167.0625 1.587956
167.1875 1.587956
167.3125 1.587956
167.4375 1.596506
167.5625 1.596506
167.6875 1.596506
167.8125 1.596506
167.9375 1.596506
168.0625 1.596506
168.1875 1.596506
168.3125 1.596506
168.4375 1.596506
168.5625 1.596506
168.6875 1.596506
168.8125 1.596506
168.9375 1.596506
169.0625 1.596506
169.1875 1.596506
169.3125 1.269960
169.4375 1.269960
169.5625 1.269960
169.6875 1.255261
169.8125 1.255261
169.9375 1.255261
170.0625 1.255261
170.1875 1.255261
170.3125 1.255261
170.4375 1.255261
170.5625 1.255261
170.6875 1.212449
170.8125 1.212449
170.9375 1.212449
171.0625 0.645787
171.1875 0.645787
171.3125 0.645787
171.4375 0.645787
171.5625 0.645787
171.6875 0.670532
171.8125 0.670532
171.9375 0.670532
172.0625 0.670532
172.1875 0.670532
172.3125 0.711253
172.4375 0.711253
172.5625 0.711253
172.6875 0.711253
172.8125 0.711253
172.9375 0.774980
173.0625 0.774980
173.1875 0.774980
173.3125 0.774980
173.4375 0.774980
173.5625 0.774980
173.6875 0.774980
173.8125 0.725533
173.9375 0.725533
174.0625 0.739159
174.1875 0.739159
174.3125 0.739159
174.4375 0.739159
174.5625 0.739159
174.6875 0.739159
174.8125 0.822304
174.9375 0.822304
175.0625 0.822304
175.1875 0.822304
175.3125 0.822304
175.4375 0.823102
175.5625 0.823102
175.6875 0.823102
175.8125 0.823102
175.9375 0.823102
176.0625 0.823102
176.1875 0.823102
176.3125 0.782553
176.4375 0.782553
176.5625 0.782553
176.6875 0.782553
176.8125 0.782553
176.9375 0.836284
177.0625 0.836284
177.1875 0.836284
177.3125 0.836284
177.4375 0.836284
177.5625 0.916587
177.6875 0.916587
177.8125 0.916587
177.9375 0.916587
178.0625 0.916587
178.1875 1.095121
178.3125 1.095121
178.4375 1.095121
178.5625 1.095121
178.6875 1.095121
178.8125 1.095121
178.9375 1.156295
179.0625 1.156295
179.1875 1.156295
179.3125 1.156295
179.4375 1.156295
179.5625 1.176423
179.6875 1.176423
179.8125 1.176423
179.9375 1.176423
180.0625 1.176423
180.1875 1.176423
180.3125 1.052479
180.4375 1.052479
180.5625 1.052479
180.6875 1.052479
180.8125 1.052479
180.9375 1.052479
181.0625 0.814846
181.1875 0.814846
181.3125 0.814846
181.4375 0.814846
181.5625 0.814846
181.6875 0.787401
181.8125 0.639114
181.9375 0.639114
182.0625 0.639114
182.1875 0.639114
182.3125 0.639114
182.4375 0.484048
182.5625 0.484048
182.6875 0.484048
182.8125 0.484048
182.9375 0.484048
183.0625 0.398546
183.1875 0.287823
183.3125 0.287823
183.4375 0.287823
183.5625 0.287823
183.6875 0.287823
183.8125 0.143328
183.9375 0.143328
184.0625 0.143328
184.1875 0.143328
184.3125 0.143328
184.4375 0.099612
184.5625 0.099612
184.6875 0.099612
184.8125 0.119704
184.9375 0.119704
185.0625 0.119704
185.1875 0.119704
185.3125 0.119704
185.4375 0.119704
185.5625 0.119704
185.6875 -0.042140
185.8125 -0.133112
185.9375 -0.133112
186.0625 -0.133112
186.1875 -0.133112
186.3125 -0.133112
186.4375 -0.275970
186.5625 -0.311655
186.6875 -0.243252
186.8125 -0.311655
186.9375 -0.311655
187.0625 -0.212330
187.1875 -0.218000
187.3125 -0.164491
187.4375 -0.065846
187.5625 -0.238056
187.6875 -0.037550
187.8125 -0.027612
187.9375 -0.113698
188.0625 -0.003902
188.1875 -0.008008
188.3125 -0.031016
188.4375 0.020631
188.5625 0.017522
188.6875 0.047751
188.8125 0.026225
188.9375 0.072094
189.0625 0.058580
189.1875 0.022186
189.3125 0.047510
189.4375 -0.034726
189.5625 -0.001453
189.6875 0.009089
189.8125 -0.084386
189.9375 -0.016174
190.0625 -0.015592
190.1875 -0.089361
190.3125 -0.045140
190.4375 -0.124004
190.5625 -0.099849
190.6875 -0.089352
190.8125 -0.171869
190.9375 -0.068655
191.0625 -0.058040
191.1875 -0.140885
191.3125 -0.026671
191.4375 -0.047297
191.5625 -0.041668
191.6875 0.004623
191.8125 0.010637
191.9375 0.022061
192.0625 0.004514
192.1875 0.059086
192.3125 0.038876
192.4375 0.039911
192.5625 0.069503
192.6875 0.086830
192.8125 0.093662
192.9375 0.057103
193.0625 0.075922
193.1875 0.066499
193.3125 0.049044
193.4375 0.020489
193.5625 0.037198
193.6875 0.016914
193.8125 0.004655
193.9375 0.005392
194.0625 -0.001382
194.1875 0.031345
194.3125 0.004537
194.4375 -0.007952
194.5625 0.069666
194.6875 0.109796
194.8125 0.012364
194.9375 0.019646
195.0625 0.142716
195.1875 0.105552
195.3125 0.115040
195.4375 0.133779
195.5625 0.168237
195.6875 0.162051
195.8125 0.159671
195.9375 0.137245
196.0625 0.135558
196.1875 0.124042
196.3125 0.086644
196.4375 0.122686
196.5625 0.110128
196.6875 0.156259
196.8125 0.145400
196.9375 0.135759
197.0625 0.182511
197.1875 0.208430
197.3125 0.200207
197.4375 0.221814
197.5625 0.248006
197.6875 0.268257
197.8125 0.253405
197.9375 0.253081
198.0625 0.319513
198.1875 0.311408
198.3125 0.271728
198.4375 0.367793
198.5625 0.407402
198.6875 0.431353
198.8125 0.290256
198.9375 0.471444
199.0625 0.436104
199.1875 0.338258
199.3125 0.499757
199.4375 0.440814
199.5625 0.065588
199.6875 0.551483
199.8125 0.485821
199.9375 0.309191
200.0625 0.579440
200.1875 0.496605
200.3125 0.413419
200.4375 0.572060
200.5625 0.501082
200.6875 0.588089
200.8125 0.394213
200.9375 0.482375
201.0625 0.586507
201.1875 0.397542
201.3125 0.592384
201.4375 0.567442
201.5625 0.485464
201.6875 0.643601
201.8125 0.548444
201.9375 0.484093
202.0625 0.606659
202.1875 0.535309
202.3125 0.575719
202.4375 0.355128
202.5625 0.452871
202.6875 0.480792
202.8125 0.321737
202.9375 0.350424
203.0625 0.368885
203.1875 0.284336
203.3125 0.378454
203.4375 0.330348
203.5625 0.332695
203.6875 0.445014
203.8125 0.310945
203.9375 0.431103
204.0625 0.437397
204.1875 0.354115
204.3125 0.504103
204.4375 0.362364
204.5625 0.434267
204.6875 0.471487
204.8125 0.331515
204.9375 0.513921
205.0625 0.408198
205.1875 0.450011
205.3125 0.555726
205.4375 0.346738
205.5625 0.536352
205.6875 0.294952
205.8125 0.578300
205.9375 0.465286
206.0625 0.298110
206.1875 0.532571
206.3125 0.420447
206.4375 0.519180
206.5625 0.480882
206.6875 0.345400
206.8125 0.530952
206.9375 0.386077
207.0625 0.485181
207.1875 0.605012
207.3125 0.412633
207.4375 0.572848
207.5625 0.697497
207.6875 0.488439
207.8125 0.701224
207.9375 0.480420
208.0625 0.595856
208.1875 0.714569
208.3125 0.465697
208.4375 0.632004
208.5625 0.585297
208.6875 0.509087
208.8125 0.508210
208.9375 0.396924
209.0625 0.416801
209.1875 0.347066
209.3125 0.388734
209.4375 0.375569
209.5625 0.314412
209.6875 0.406081
209.8125 0.317967
209.9375 0.383979
210.0625 0.345458
210.1875 0.278018
210.3125 0.435072
210.4375 0.428109
210.5625 0.428109
210.6875 0.466377
210.8125 0.428109
210.9375 0.428109
211.0625 0.484211
211.1875 0.428109
211.3125 0.538094
211.4375 0.462224
211.5625 0.573690
211.6875 0.453746
211.8125 0.601513
211.9375 0.602765
212.0625 0.613601
212.1875 0.602765
212.3125 0.604023
212.4375 0.602765
212.5625 0.606714
212.6875 0.602765
212.8125 0.602765
212.9375 0.602765
213.0625 0.604445
213.1875 0.602765
213.3125 0.618436
213.4375 0.631177
213.5625 0.668407
213.6875 0.830100
213.8125 0.830100
213.9375 0.830100
214.0625 0.830100
214.1875 0.830100
214.3125 0.830100
214.4375 0.830100
214.5625 0.830100
214.6875 0.830100
214.8125 0.830100
214.9375 0.830100
215.0625 0.830100
215.1875 0.901393
215.3125 0.901393
215.4375 0.901393
215.5625 0.901393
215.6875 0.901393
215.8125 0.901393
215.9375 0.901393
216.0625 0.901393
216.1875 0.901393
216.3125 0.901393
216.4375 0.901393
216.5625 0.901393
216.6875 0.901393
216.8125 1.028505
216.9375 1.028505
217.0625 1.028505
217.1875 1.146620
217.3125 1.146620
217.4375 1.146620
217.5625 1.146620
217.6875 1.146620
217.8125 1.146620
217.9375 1.146620
218.0625 1.146620
218.1875 1.146620
218.3125 1.146620
218.4375 1.155007
218.5625 1.155007
218.6875 1.155007
218.8125 1.155007
218.9375 1.155007
219.0625 1.368964
219.1875 1.368964
219.3125 1.474900
219.4375 1.474900
219.5625 1.474900
219.6875 1.474900
219.8125 1.474900
219.9375 1.474900
220.0625 1.474900
220.1875 1.474900
220.3125 1.474900
220.4375 1.474900
220.5625 1.474900
220.6875 1.474900
220.8125 1.648584
220.9375 1.648584
221.0625 1.648584
221.1875 1.960762
221.3125 1.960762
221.4375 1.960762
221.5625 1.960762
221.6875 1.960762
221.8125 1.960762
221.9375 1.960762
222.0625 1.960762
222.1875 1.960762
222.3125 1.960762
222.4375 1.960762
222.5625 1.960762
222.6875 1.960762
222.8125 1.960762
222.9375 1.960762
223.0625 2.416470
223.1875 2.416470
223.3125 2.416470
223.4375 2.416470
223.5625 2.416470
223.6875 2.416470
223.8125 2.416470
223.9375 2.416470
224.0625 2.416470
224.1875 2.416470
224.3125 2.416470
224.4375 2.416470
224.5625 2.416470
224.6875 2.772389
224.8125 2.772389
224.9375 2.772389
225.0625 2.772389
225.1875 2.772389
225.3125 2.772389
225.4375 2.772389
225.5625 2.772389
225.6875 2.772389
225.8125 2.772389
225.9375 2.772389
226.0625 2.772389
226.1875 2.772389
226.3125 2.967435
226.4375 2.967435
226.5625 2.967435
226.6875 2.967435
226.8125 2.967435
226.9375 2.967435
227.0625 2.967435
227.1875 2.967435
227.3125 2.967435
227.4375 2.967435
227.5625 2.967435
227.6875 2.967435
227.8125 3.115711
227.9375 3.115711
228.0625 3.115711
228.1875 3.115711
228.3125 3.115711
228.4375 3.115711
228.5625 3.115711
228.6875 3.258604
228.8125 3.258604
228.9375 3.258604
229.0625 3.258604
229.1875 3.258604
229.3125 3.258604
229.4375 3.258604
229.5625 3.258604
229.6875 3.258604
229.8125 3.258604
229.9375 3.258604
230.0625 3.258604
230.1875 3.261020
230.3125 3.261020
230.4375 3.261020
230.5625 3.261020
230.6875 3.261020
230.8125 3.261020
230.9375 3.261020
231.0625 3.261020
231.1875 3.261020
231.3125 3.416458
231.4375 3.416458
231.5625 3.416458
231.6875 3.416458
231.8125 3.416458
231.9375 3.416458
232.0625 3.416458
232.1875 3.416458
232.3125 3.416458
232.4375 3.416458
232.5625 3.416458
232.6875 3.416458
232.8125 3.416458
232.9375 3.416458
233.0625 3.416458
233.1875 3.416458
233.3125 3.416458
233.4375 3.416458
233.5625 3.416458
233.6875 3.416458
233.8125 3.416458
233.9375 3.416458
234.0625 3.416458
234.1875 3.416458
234.3125 3.416458
234.4375 3.416458
234.5625 3.416458
234.6875 3.416458
234.8125 3.416458
234.9375 3.416458
235.0625 3.416458
235.1875 3.416458
235.3125 3.416458
235.4375 3.416458
235.5625 3.561120
235.6875 3.561120
235.8125 3.561120
235.9375 3.561120
236.0625 3.561120
236.1875 3.561120
236.3125 3.561120
236.4375 3.561120
236.5625 3.561120
236.6875 3.561120
236.8125 3.561120
236.9375 3.561120
237.0625 3.561120
237.1875 3.561120
237.3125 3.561120
237.4375 3.561120
237.5625 3.561120
237.6875 3.561120
237.8125 3.561120
237.9375 3.561120
238.0625 3.561120
238.1875 3.561120
238.3125 3.561120
238.4375 3.561120
238.5625 3.561120
238.6875 3.561120
238.8125 3.561120
238.9375 3.561120
239.0625 3.561120
239.1875 3.561120
239.3125 3.561120
239.4375 3.561120
239.5625 3.561120
239.6875 3.561120
239.8125 3.648709
239.9375 3.648709
240.0625 3.648709
240.1875 3.648709
240.3125 3.648709
240.4375 3.648709
240.5625 3.648709
240.6875 3.648709
240.8125 3.648709
240.9375 3.648709
241.0625 3.648709
241.1875 3.648709
241.3125 3.648709
241.4375 3.648709
241.5625 3.648709
241.6875 3.744556
241.8125 3.744556
241.9375 3.744556
242.0625 3.744556
242.1875 3.744556
242.3125 3.744556
242.4375 3.744556
242.5625 3.744556
242.6875 3.744556
242.8125 3.824748
242.9375 3.824748
243.0625 3.824748
243.1875 3.824748
243.3125 3.824748
243.4375 3.824748
243.5625 3.824748
243.6875 3.824748
243.8125 3.824748
243.9375 3.824748
244.0625 3.824748
244.1875 3.824748
244.3125 3.824748
244.4375 3.824748
244.5625 3.824748
244.6875 3.824748
244.8125 3.824748
244.9375 3.824748
245.0625 3.824748
245.1875 3.824748
245.3125 3.824748
245.4375 3.824748
245.5625 3.824748
245.6875 3.824748
245.8125 3.824748
245.9375 3.824748
246.0625 3.881699
246.1875 3.881699
246.3125 3.881699
246.4375 3.881699
246.5625 3.881699
246.6875 3.881699
246.8125 3.881699
246.9375 3.881699
247.0625 3.881699
247.1875 3.881699
247.3125 3.881699
247.4375 3.881699
247.5625 3.881699
247.6875 3.881699
247.8125 3.881699
247.9375 3.905575
248.0625 3.905575
248.1875 3.905575
248.3125 3.905575
248.4375 3.905575
248.5625 3.905575
248.6875 3.905575
248.8125 3.905575
248.9375 3.905575
249.0625 3.905575
249.1875 3.905575
249.3125 3.905575
249.4375 3.905575
249.5625 3.905575
249.6875 3.905575
249.8125 3.905575
249.9375 3.905575
250.0625 3.905575
250.1875 3.905575
250.3125 3.905575
250.4375 3.905575
250.5625 3.905575
250.6875 3.905575
250.8125 3.905575
250.9375 3.905575
251.0625 3.905575
251.1875 3.978734
251.3125 3.978734
251.4375 3.978734
251.5625 3.978734
251.6875 3.978734
251.8125 3.978734
251.9375 3.978734
252.0625 3.978734
252.1875 3.978734
252.3125 3.978734
252.4375 3.978734
252.5625 3.978734
252.6875 3.978734
252.8125 3.978734
252.9375 3.978734
253.0625 3.978734
253.1875 3.978734
253.3125 3.978734
253.4375 3.978734
253.5625 3.978734
253.6875 3.978734
253.8125 3.978734
253.9375 3.978734
254.0625 3.978734
254.1875 3.978734
254.3125 3.978734
254.4375 3.978734
254.5625 3.978734
254.6875 3.978734
254.8125 3.978734
254.9375 3.978734
255.0625 3.978734
255.1875 3.895242
255.3125 3.895242
255.4375 3.895242
255.5625 3.895242
255.6875 3.895242
255.8125 3.745288
255.9375 3.745288
256.0625 3.745288
256.1875 3.745288
256.3125 3.745288
256.4375 3.745288
256.5625 3.745288
256.6875 3.745288
256.8125 3.745288
256.9375 3.745288
257.0625 3.745288
257.1875 3.745288
257.3125 3.745288
257.4375 3.745288
257.5625 3.745288
257.6875 3.745288
257.8125 3.745288
257.9375 3.745288
258.0625 3.745288
258.1875 3.745288
258.3125 3.745288
258.4375 3.745712
258.5625 3.745712
258.6875 3.745712
258.8125 3.806392
258.9375 3.806392
259.0625 3.806392
259.1875 3.806392
259.3125 3.895569
259.4375 3.895569
259.5625 3.895569
259.6875 3.914021
259.8125 3.914021
259.9375 3.914021
260.0625 3.961953
260.1875 3.961953
260.3125 3.961953
260.4375 3.961953
260.5625 3.961953
260.6875 3.961953
260.8125 3.961953
260.9375 3.961953
261.0625 3.961953
261.1875 3.961953
261.3125 3.961953
261.4375 3.961953
261.5625 3.961953
261.6875 3.961953
261.8125 3.961953
261.9375 3.961953
262.0625 4.044333
262.1875 4.044333
262.3125 4.044333
262.4375 4.123934
262.5625 4.123934
262.6875 4.123934
262.8125 4.123934
262.9375 4.123934
263.0625 4.123934
263.1875 4.123934
263.3125 4.123934
263.4375 4.123934
263.5625 4.123934
263.6875 4.123934
263.8125 4.123934
263.9375 4.123934
264.0625 4.123934
264.1875 4.123934
264.3125 4.123934
264.4375 4.123934
264.5625 4.123934
264.6875 4.339819
264.8125 4.339819
264.9375 4.416637
265.0625 4.416637
265.1875 4.416637
265.3125 4.416637
265.4375 4.416637
265.5625 4.416637
265.6875 4.416637
265.8125 4.416637
265.9375 4.416637
266.0625 4.416637
266.1875 4.416637
266.3125 4.416637
266.4375 4.416637
266.5625 4.416637
266.6875 4.416637
266.8125 4.416637
266.9375 4.416637
267.0625 4.416637
267.1875 4.416637
267.3125 4.416637
267.4375 4.416637
267.5625 4.416637
267.6875 4.416637
267.8125 4.416637
267.9375 4.416637
268.0625 4.416637
268.1875 4.416637
268.3125 4.416637
268.4375 4.416637
268.5625 4.727435
268.6875 4.727435
268.8125 4.727435
268.9375 4.727435
269.0625 4.727435
269.1875 4.727435
269.3125 4.727435
269.4375 4.727435
269.5625 4.727435
269.6875 4.727435
269.8125 4.727435
269.9375 4.727435
270.0625 4.727435
270.1875 4.727435
270.3125 4.727435
270.4375 4.727435
270.5625 4.727435
270.6875 4.727435
270.8125 4.727435
270.9375 4.727435
271.0625 4.727435
271.1875 4.727435
271.3125 4.727435
271.4375 4.727435
271.5625 4.727435
271.6875 4.727435
271.8125 4.727435
271.9375 4.727435
272.0625 4.727435
272.1875 4.727435
272.3125 4.701795
272.4375 4.701795
272.5625 4.701795
272.6875 4.701795
272.8125 4.701795
272.9375 4.701795
273.0625 4.701795
273.1875 4.701795
273.3125 4.701795
273.4375 4.701795
273.5625 4.701795
273.6875 4.701795
273.8125 4.701795
273.9375 4.701795
274.0625 4.701795
274.1875 4.701795
274.3125 4.701795
274.4375 4.701795
274.5625 4.701795
274.6875 4.701795
274.8125 4.701795
274.9375 4.701795
275.0625 4.701795
275.1875 4.701795
275.3125 4.701795
275.4375 4.701795
275.5625 4.701795
275.6875 4.629450
275.8125 4.629450
275.9375 4.629450
276.0625 4.629450
276.1875 4.629450
276.3125 4.629450
276.4375 4.629450
276.5625 4.629450
276.6875 4.629450
276.8125 4.629450
276.9375 4.629450
277.0625 4.629450
277.1875 4.629450
277.3125 4.629450
277.4375 4.629450
277.5625 4.629450
277.6875 4.629450
277.8125 4.629450
277.9375 4.629450
278.0625 4.629450
278.1875 4.629450
278.3125 4.629450
278.4375 4.629450
278.5625 4.629450
278.6875 4.567301
278.8125 4.567301
278.9375 4.567301
279.0625 4.474849
279.1875 4.474849
279.3125 4.474849
279.4375 4.474849
279.5625 4.474849
279.6875 4.474849
279.8125 4.474849
279.9375 4.410607
280.0625 4.410607
280.1875 4.410607
280.3125 4.410607
280.4375 4.410607
280.5625 4.410607
280.6875 4.410607
280.8125 4.410607
280.9375 4.410607
281.0625 4.410607
281.1875 4.410607
281.3125 4.410607
281.4375 4.410607
281.5625 4.410607
281.6875 4.410607
281.8125 4.410607
281.9375 4.410607
282.0625 4.410607
282.1875 4.410607
282.3125 4.410607
282.4375 4.410607
282.5625 4.410607
282.6875 4.410607
282.8125 4.410607
282.9375 4.410607
283.0625 4.335312
283.1875 4.335312
283.3125 4.335312
283.4375 4.335312
283.5625 4.335312
283.6875 4.335312
283.8125 4.335312
283.9375 4.335312
284.0625 4.335312
284.1875 4.335312
284.3125 4.335312
284.4375 4.335312
284.5625 4.335312
284.6875 4.335312
284.8125 4.335312
284.9375 4.335312
285.0625 4.335312
285.1875 4.335312
285.3125 4.335312
285.4375 4.335312
285.5625 4.335312
285.6875 4.027894
285.8125 4.027894
285.9375 4.027894
286.0625 4.027894
286.1875 4.027894
286.3125 3.848173
286.4375 3.848173
286.5625 3.848173
286.6875 3.848173
286.8125 3.848173
286.9375 3.848173
287.0625 3.848173
287.1875 3.848173
287.3125 3.848173
287.4375 3.848173
287.5625 3.848173
287.6875 3.848173
287.8125 3.848173
287.9375 3.848173
288.0625 3.848173
288.1875 3.848173
288.3125 3.675966
288.4375 3.675966
288.5625 3.675966
288.6875 3.675966
288.8125 3.675966
288.9375 3.491615
289.0625 3.491615
289.1875 3.491615
289.3125 3.491615
289.4375 3.491615
289.5625 3.491615
289.6875 3.479781
289.8125 3.479781
289.9375 3.479781
290.0625 3.479781
290.1875 3.479781
290.3125 3.479781
290.4375 3.479781
290.5625 3.479781
290.6875 3.479781
290.8125 3.479781
290.9375 3.384783
291.0625 3.384783
291.1875 3.384783
291.3125 3.384783
291.4375 3.384783
291.5625 3.143648
291.6875 3.143648
291.8125 3.143648
291.9375 3.143648
292.0625 3.143648
292.1875 3.143648
292.3125 3.143648
292.4375 3.143648
292.5625 3.143648
292.6875 3.143648
292.8125 3.143648
292.9375 3.143648
293.0625 3.143648
293.1875 3.143648
293.3125 3.038058
293.4375 3.038058
293.5625 3.038058
293.6875 3.038058
293.8125 3.038058
293.9375 3.038058
294.0625 2.805442
294.1875 2.805442
294.3125 2.805442
294.4375 2.785228
294.5625 2.785228
294.6875 2.785228
294.8125 2.785228
294.9375 2.785228
295.0625 2.785228
295.1875 2.785228
295.3125 2.785228
295.4375 2.785228
295.5625 2.785228
295.6875 2.715429
295.8125 2.715429
295.9375 2.640742
296.0625 2.640742
296.1875 2.640742
296.3125 2.640742
296.4375 2.640742
296.5625 2.613462
296.6875 2.613462
296.8125 2.613462
296.9375 2.461371
297.0625 2.461371
297.1875 2.481372
297.3125 2.481372
297.4375 2.481372
297.5625 2.481372
297.6875 2.481372
297.8125 2.481372
297.9375 2.481372
298.0625 2.481372
298.1875 2.481372
298.3125 2.481372
298.4375 2.481372
298.5625 2.481372
298.6875 2.463662
298.8125 2.463662
298.9375 2.463662
299.0625 2.463662
299.1875 2.463662
299.3125 2.463662
299.4375 2.463662
299.5625 2.488380
299.6875 2.488380
299.8125 2.488380
299.9375 2.488380
300.0625 2.494511
300.1875 2.494511
300.3125 2.494511
300.4375 2.494511
300.5625 2.548642
300.6875 2.593387
300.8125 2.593387
300.9375 2.593387
301.0625 2.684108
301.1875 2.684108
301.3125 2.684108
301.4375 2.684108
301.5625 2.728277
301.6875 2.754823
301.8125 2.754823
301.9375 2.754823
302.0625 2.905466
302.1875 2.905466
302.3125 2.905466
302.4375 2.905466
302.5625 2.905466
302.6875 2.905466
302.8125 2.905466
302.9375 2.968816
303.0625 2.968816
303.1875 2.968816
303.3125 2.968816
303.4375 2.968816
303.5625 2.968816
303.6875 2.968816
303.8125 2.968816
303.9375 2.968816
304.0625 2.968816
304.1875 2.968816
304.3125 2.968816
304.4375 2.955243
304.5625 2.955243
304.6875 2.955243
304.8125 2.955243
304.9375 2.948774
305.0625 2.948774
305.1875 2.948774
305.3125 2.911279
305.4375 2.911279
305.5625 2.911279
305.6875 2.911279
305.8125 2.870968
305.9375 2.870968
306.0625 2.927510
306.1875 2.927510
306.3125 2.927510
306.4375 2.927510
306.5625 2.927510
306.6875 2.927510
306.8125 2.927510
306.9375 2.962768
307.0625 2.962768
307.1875 2.962768
307.3125 3.010711
307.4375 3.010711
307.5625 3.010711
307.6875 3.010711
307.8125 3.030304
307.9375 3.030304
308.0625 3.030304
308.1875 3.120004
308.3125 3.120004
308.4375 3.120004
308.5625 3.120004
308.6875 3.120004
308.8125 3.120004
308.9375 3.120004
309.0625 3.120004
309.1875 3.120004
309.3125 3.120004
309.4375 3.120004
309.5625 3.040172
309.6875 3.040172
309.8125 3.040172
309.9375 2.891220
310.0625 2.891220
310.1875 2.891220
310.3125 2.891220
310.4375 2.851549
310.5625 2.851549
310.6875 2.851549
310.8125 2.786064
310.9375 2.786064
311.0625 2.786064
311.1875 2.786064
311.3125 2.786064
311.4375 2.786064
311.5625 2.700083
311.6875 2.732343
311.8125 2.732343
311.9375 2.732343
312.0625 2.732343
312.1875 2.800234
312.3125 2.800234
312.4375 2.800234
312.5625 2.800234
312.6875 2.800234
312.8125 2.800234
312.9375 2.809334
313.0625 2.809334
313.1875 2.809334
313.3125 2.919909
313.4375 2.919909
313.5625 2.919909
313.6875 2.919909
313.8125 2.919909
313.9375 2.919909
314.0625 2.937362
314.1875 2.937362
314.3125 2.937362
314.4375 2.937362
314.5625 2.984324
314.6875 2.984324
314.8125 2.984324
314.9375 2.984324
315.0625 2.984324
315.1875 2.984324
315.3125 3.063227
315.4375 3.063227
315.5625 3.063227
315.6875 3.063227
315.8125 3.063227
315.9375 3.063227
316.0625 3.063227
316.1875 3.063227
316.3125 3.063227
316.4375 3.063227
316.5625 3.040328
316.6875 3.040328
316.8125 3.040328
316.9375 3.040328
317.0625 3.040328
317.1875 3.040328
317.3125 3.040328
317.4375 3.040328
317.5625 3.040328
317.6875 2.844002
317.8125 2.844002
317.9375 2.844002
318.0625 2.844002
318.1875 2.657406
318.3125 2.644259
318.4375 2.656939
318.5625 2.635002
318.6875 2.645912
318.8125 2.685084
318.9375 2.712739
319.0625 2.703043
319.1875 2.667010
319.3125 2.666682
319.4375 2.674182
319.5625 2.726783
319.6875 2.763285
319.8125 2.778511
319.9375 2.784872
320.0625 2.744745
320.1875 2.774415
320.3125 2.797254
320.4375 2.802469
320.5625 2.822228
320.6875 2.841627
320.8125 2.872895
320.9375 2.885777
321.0625 2.895405
321.1875 2.900496
321.3125 2.915599
321.4375 2.918820
321.5625 2.902991
321.6875 2.911703
321.8125 2.931451
321.9375 2.981958
322.0625 2.970759
322.1875 2.947695
322.3125 2.909247
322.4375 2.900173
322.5625 2.881943
322.6875 2.887290
322.8125 2.773655
322.9375 2.929042
323.0625 2.785013
323.1875 2.799581
323.3125 2.941472
323.4375 2.763111
323.5625 2.994910
323.6875 2.732352
323.8125 2.735442
323.9375 3.019066
324.0625 2.731442
324.1875 2.942220
324.3125 2.723850
324.4375 2.732546
324.5625 2.849211
324.6875 2.803147
324.8125 2.851789
324.9375 2.886905
325.0625 2.553834
325.1875 2.927453
325.3125 2.929868
325.4375 2.936691
325.5625 2.947071
325.6875 2.925897
325.8125 2.970895
325.9375 2.904333
326.0625 3.033802
326.1875 2.901583
326.3125 3.015669
326.4375 2.993337
326.5625 2.943773
326.6875 3.049709
326.8125 2.871353
326.9375 3.075369
327.0625 2.887997
327.1875 3.068223
327.3125 3.024470
327.4375 2.799779
327.5625 3.045546
327.6875 2.809680
327.8125 2.972150
327.9375 2.824525
328.0625 2.818878
328.1875 2.836239
328.3125 2.763846
328.4375 2.767061
328.5625 2.684504
328.6875 2.639058
328.8125 2.776666
328.9375 2.606209
329.0625 2.780560
329.1875 2.582949
329.3125 2.599893
329.4375 2.758145
329.5625 2.622664
329.6875 2.739156
329.8125 2.710877
329.9375 2.604693
330.0625 2.694208
330.1875 2.737577
330.3125 2.609361
330.4375 2.758530
330.5625 2.627528
330.6875 2.718094
330.8125 2.703501
330.9375 2.648833
331.0625 2.669110
331.1875 2.749075
331.3125 2.652323
331.4375 2.706000
331.5625 2.736462
331.6875 2.769770
331.8125 2.751833
331.9375 2.823223
332.0625 2.790569
332.1875 2.822368
332.3125 2.835496
332.4375 2.841724
332.5625 2.823688
332.6875 2.790073
332.8125 2.757383
332.9375 2.779880
333.0625 2.806400
333.1875 2.821307
333.3125 2.818078
333.4375 2.823330
333.5625 2.863467
333.6875 2.866892
333.8125 2.898825
333.9375 2.910855
334.0625 2.911894
334.1875 2.873815
334.3125 2.840005
334.4375 2.790786
334.5625 2.741439
334.6875 2.702934
334.8125 2.662132
334.9375 2.616827
335.0625 2.586990
335.1875 2.610299
335.3125 2.623480
335.4375 2.613817
335.5625 2.584482
335.6875 2.576853
335.8125 2.577560
335.9375 2.637974
336.0625 2.651423
336.1875 2.712593
336.3125 2.677664
336.4375 2.757413
336.5625 2.747307
336.6875 2.790739
336.8125 2.775816
336.9375 2.756561
337.0625 2.731689
337.1875 2.764375
337.3125 2.736509
337.4375 2.720741
337.5625 2.773216
337.6875 2.749784
337.8125 2.698478
337.9375 2.572833
338.0625 2.706482
338.1875 2.573469
338.3125 2.605223
338.4375 2.521110
338.5625 2.516853
338.6875 2.468493
338.8125 2.432540
338.9375 2.428907
339.0625 2.394505
339.1875 2.406864
339.3125 2.316485
339.4375 2.372518
339.5625 2.371349
339.6875 2.341565
339.8125 2.308930
339.9375 2.283906
340.0625 2.188225
340.1875 2.208260
340.3125 2.135562
340.4375 2.110093
340.5625 2.068771
340.6875 2.068873
340.8125 2.144943
340.9375 2.004822
341.0625 2.276833
341.1875 1.994184
341.3125 2.280145
341.4375 1.989058
341.5625 2.365751
341.6875 1.984294
341.8125 2.362663
341.9375 2.054486
342.0625 2.439943
342.1875 2.329576
342.3125 2.460709
342.4375 2.536967
342.5625 2.249818
342.6875 2.350617
342.8125 2.452032
342.9375 2.536071
343.0625 2.341250
343.1875 2.496802
343.3125 2.195585
343.4375 2.542568
343.5625 2.394072
343.6875 2.595410
343.8125 2.186633
343.9375 2.640043
344.0625 2.510976
344.1875 2.578757
344.3125 2.288357
344.4375 2.684511
344.5625 2.554559
344.6875 2.546390
344.8125 2.345751
344.9375 2.652708
345.0625 2.575538
345.1875 2.436271
345.3125 2.582332
345.4375 2.386031
345.5625 2.596427
345.6875 2.542950
345.8125 2.557430
345.9375 2.609012
346.0625 2.670220
346.1875 2.630670
346.3125 2.547631
346.4375 2.753681
346.5625 2.721361
346.6875 2.741040
346.8125 2.885345
346.9375 2.808469
347.0625 2.645108
347.1875 2.866651
347.3125 2.970536
347.4375 2.899210
347.5625 2.730867
347.6875 3.042458
347.8125 3.009927
347.9375 2.936283
348.0625 3.234967
348.1875 3.147314
348.3125 3.088560
348.4375 3.133272
348.5625 3.354083
348.6875 3.205290
348.8125 3.321468
348.9375 3.426348
349.0625 3.223383
349.1875 3.274178
349.3125 3.489575
349.4375 3.512060
349.5625 3.389129
349.6875 3.603479
349.8125 3.631442
349.9375 3.419055
350.0625 3.462836
350.1875 3.656157
350.3125 3.690271
350.4375 3.483624
350.5625 3.681469
350.6875 3.641090
350.8125 3.532458
350.9375 3.672307
351.0625 3.686136
351.1875 3.613003
351.3125 3.648787
351.4375 3.739053
351.5625 3.561995
351.6875 3.631598
351.8125 3.743441
351.9375 3.701674
352.0625 3.586316
352.1875 3.559221
352.3125 3.643685
352.4375 3.698851
352.5625 3.530675
352.6875 3.450785
352.8125 3.647781
352.9375 3.634459
353.0625 3.309741
353.1875 3.380279
353.3125 3.637898
353.4375 3.638197
353.5625 3.232516
353.6875 3.496536
353.8125 3.742184
353.9375 3.528490
354.0625 3.295865
354.1875 3.664534
354.3125 3.832643
354.4375 3.427225
354.5625 3.345823
354.6875 3.869158
354.8125 3.733695
354.9375 3.433732
355.0625 3.594314
355.1875 3.912223
355.3125 3.610039
355.4375 3.552803
355.5625 3.903955
355.6875 3.941630
355.8125 3.444638
355.9375 3.702260
356.0625 3.970832
356.1875 3.678679
356.3125 3.620040
356.4375 3.887791
356.5625 3.979592
356.6875 3.773638
356.8125 3.776414
356.9375 3.907153
357.0625 3.749886
357.1875 3.816710
357.3125 3.751223
357.4375 3.812307
357.5625 3.638960
357.6875 3.696609
357.8125 3.673204
357.9375 3.712538
358.0625 3.484647
358.1875 3.518927
358.3125 3.653968
358.4375 3.288180
358.5625 3.277896
358.6875 3.400684
358.8125 3.555456
358.9375 3.150649
359.0625 3.124923
359.1875 3.476536
359.3125 3.077660
359.4375 3.077660
359.5625 3.106922
359.6875 3.399952
359.8125 2.992919
359.9375 2.992919
